-3.321380310058593750e+02 8.189493408203125000e+02 4.064101562500000000e+02
-3.461853637695312500e+02 8.785539550781250000e+02 3.640451660156250000e+02
-3.525504760742187500e+02 9.591085205078125000e+02 3.468751220703125000e+02
-3.564257507324218750e+02 1.041177001953125000e+03 3.382648620605468750e+02
-3.571915588378906250e+02 1.123781127929687500e+03 3.388378295898437500e+02
-3.495507812500000000e+02 1.340430786132812500e+03 3.702773132324218750e+02
-3.428863525390625000e+02 1.452136108398437500e+03 3.897671508789062500e+02
-3.403708190917968750e+02 1.585836914062500000e+03 3.899980468750000000e+02
-3.701594848632812500e+02 1.270752685546875000e+03 3.921019287109375000e+02
-4.992197875976562500e+02 1.273435913085937500e+03 4.341023864746093750e+02
-7.653483276367187500e+02 1.234694946289062500e+03 4.159713439941406250e+02
-9.504959716796875000e+02 1.187508544921875000e+03 4.752602233886718750e+02
-1.009128356933593750e+03 1.167764404296875000e+03 4.786546630859375000e+02
-1.067760742187500000e+03 1.148020385742187500e+03 4.820491027832031250e+02
-9.663966674804687500e+02 1.164242797851562500e+03 5.176795654296875000e+02
-1.022142517089843750e+03 1.145285156250000000e+03 5.369698486328125000e+02
-3.183155517578125000e+02 1.271437133789062500e+03 3.747850952148437500e+02
-1.884453277587890625e+02 1.277054931640625000e+03 3.356703186035156250e+02
5.905824661254882812e+01 1.194097778320312500e+03 4.028572998046875000e+02
2.379920043945312500e+02 1.131027099609375000e+03 4.663094787597656250e+02
2.892188720703125000e+02 1.097470947265625000e+03 4.757377624511718750e+02
3.404457397460937500e+02 1.063914672851562500e+03 4.851660156250000000e+02
2.405786743164062500e+02 1.100680419921875000e+03 5.071251525878906250e+02
2.864088439941406250e+02 1.067068237304687500e+03 5.318013916015625000e+02
-4.087937927246093750e+02 7.946483764648437500e+02 4.322804260253906250e+02
-4.222870178222656250e+02 4.272746276855468750e+02 3.732526855468750000e+02
-4.297647399902343750e+02 6.255831527709960938e+01 3.576549987792968750e+02
-4.478462524414062500e+02 2.203919792175292969e+01 4.749930419921875000e+02
-4.580018920898437500e+02 2.351970672607421875e+01 5.397822265625000000e+02
-2.543325195312500000e+02 7.959471435546875000e+02 3.828916625976562500e+02
-2.414447326660156250e+02 4.242988891601562500e+02 3.644181823730468750e+02
-2.398485412597656250e+02 5.945674514770507812e+01 3.787311096191406250e+02
-2.238045501708984375e+02 1.777235794067382812e+01 4.959572143554687500e+02
-2.146391601562500000e+02 1.900111579895019531e+01 5.608991699218750000e+02
