4.093983154296875000e+02 6.661876831054687500e+02
4.181069030761718750e+02 6.497327880859375000e+02
4.215866088867187500e+02 6.288439941406250000e+02
4.232945556640625000e+02 6.078817749023437500e+02
4.231856384277343750e+02 5.869778442382812500e+02
4.168730773925781250e+02 5.320909423828125000e+02
4.131477050781250000e+02 5.034500732421875000e+02
4.136733703613281250e+02 4.692057189941406250e+02
4.084245605468750000e+02 5.498222045898437500e+02
3.801039733886718750e+02 5.488872070312500000e+02
3.498316040039062500e+02 5.577456054687500000e+02
3.119512329101562500e+02 5.686809692382812500e+02
3.040507507324218750e+02 5.731612548828125000e+02
2.962520446777343750e+02 5.775837402343750000e+02
2.991278686523437500e+02 5.744500122070312500e+02
2.874877624511718750e+02 5.788507690429687500e+02
4.200488891601562500e+02 5.497503662109375000e+02
4.484681396484375000e+02 5.485643920898437500e+02
4.691497802734375000e+02 5.716849975585937500e+02
4.815264892578125000e+02 5.908609008789062500e+02
4.875099182128906250e+02 6.009379272460937500e+02
4.936081237792968750e+02 6.112081298828125000e+02
4.711860656738281250e+02 5.999333496093750000e+02
4.721553344726562500e+02 6.103731689453125000e+02
3.920993957519531250e+02 6.717001342773437500e+02
4.044474792480468750e+02 7.628512573242187500e+02
4.066657714843750000e+02 8.538386230468750000e+02
3.744373779296875000e+02 8.707715454101562500e+02
3.560710144042968750e+02 8.742135009765625000e+02
4.263613586425781250e+02 6.729389648437500000e+02
4.321882934570312500e+02 7.687164306640625000e+02
4.282250366210937500e+02 8.640101928710937500e+02
4.004454345703125000e+02 8.835854492187500000e+02
3.844987792968750000e+02 8.883247070312500000e+02
