1.427467803955078125e+02 1.225977706909179688e+02
1.475913391113281250e+02 1.134439849853515625e+02
1.495270843505859375e+02 1.018236236572265625e+02
1.504772186279296875e+02 9.016240692138671875e+01
1.504166259765625000e+02 7.853363037109375000e+01
1.469049835205078125e+02 4.800024032592773438e+01
1.448325500488281250e+02 3.206744003295898438e+01
1.451249847412109375e+02 1.301742458343505859e+01
1.422050933837890625e+02 5.786407852172851562e+01
1.264504623413085938e+02 5.734394073486328125e+01
1.096100463867187500e+02 6.227183532714843750e+01
8.853733062744140625e+01 6.835514831542968750e+01
8.414231872558593750e+01 7.084749603271484375e+01
7.980393218994140625e+01 7.330772399902343750e+01
8.140374755859375000e+01 7.156446075439453125e+01
7.492838287353515625e+01 7.401258087158203125e+01
1.486716766357421875e+02 5.782410812377929688e+01
1.644811859130859375e+02 5.716437530517578125e+01
1.759862976074218750e+02 7.002626800537109375e+01
1.828714294433593750e+02 8.069377899169921875e+01
1.861999969482421875e+02 8.629956054687500000e+01
1.895924072265625000e+02 9.201286315917968750e+01
1.771190948486328125e+02 8.574074554443359375e+01
1.776582946777343750e+02 9.154837799072265625e+01
1.331234588623046875e+02 1.256643218994140625e+02
1.399926605224609375e+02 1.763713531494140625e+02
1.412266845703125000e+02 2.269873199462890625e+02
1.232981414794921875e+02 2.364070434570312500e+02
1.130810012817382812e+02 2.383217620849609375e+02
1.521832733154296875e+02 1.263534698486328125e+02
1.554247741699218750e+02 1.796341552734375000e+02
1.532200164794921875e+02 2.326457061767578125e+02
1.377663421630859375e+02 2.435353698730468750e+02
1.288952636718750000e+02 2.461717681884765625e+02
